[(array([[225, 208, 214, ..., 233, 232, 232],
       [225, 208, 214, ..., 233, 232, 232],
       [225, 208, 214, ..., 233, 232, 232],
       ...,
       [204, 204, 199, ..., 119, 116, 114],
       [204, 204, 199, ..., 119, 115, 113],
       [204, 203, 199, ..., 119, 115, 112]], dtype=uint8), ['female', 'image', '1']), (array([[137, 131, 132, ..., 178, 180, 181],
       [134, 128, 128, ..., 175, 177, 179],
       [130, 123, 122, ..., 173, 175, 178],
       ...,
       [167, 158, 154, ..., 180, 180, 181],
       [170, 162, 158, ..., 180, 180, 181],
       [173, 165, 161, ..., 180, 180, 180]], dtype=uint8), ['female', 'image', '2']), (array([[ 2,  2,  3, ...,  2,  2,  2],
       [ 2,  2,  3, ...,  2,  2,  2],
       [ 2,  2,  3, ...,  2,  2,  2],
       ...,
       [ 6, 16, 16, ...,  6,  4,  4],
       [ 1,  8,  8, ...,  5,  4,  3],
       [ 5,  9,  5, ...,  4,  3,  2]], dtype=uint8), ['male', 'image', '1']), (array([[241, 241, 241, ..., 231, 231, 230],
       [242, 242, 242, ..., 232, 232, 231],
       [242, 242, 242, ..., 233, 233, 232],
       ...,
       [ 42,  52,  67, ..., 144, 133, 115],
       [ 39,  43,  54, ..., 142, 135, 120],
       [ 38,  40,  51, ..., 139, 135, 123]], dtype=uint8), ['male', 'image', '2']), (array([[170, 170, 172, ..., 185, 185, 184],
       [171, 170, 172, ..., 185, 185, 185],
       [171, 171, 172, ..., 185, 185, 185],
       ...,
       [ 10,  15,  14, ..., 126, 125,  93],
       [ 11,  14,  12, ..., 135, 138, 109],
       [ 10,  12,   9, ..., 138, 143, 115]], dtype=uint8), ['male', 'image', '3']), (array([[224, 221, 219, ..., 236, 236, 236],
       [223, 221, 220, ..., 236, 236, 236],
       [223, 221, 220, ..., 236, 236, 236],
       ...,
       [216, 218, 220, ..., 187, 187, 187],
       [218, 219, 221, ..., 187, 187, 187],
       [212, 212, 214, ..., 183, 184, 184]], dtype=uint8), ['no', 'face', 'image', '1'])]